0 7 0
1 14 0
2 21 0
3 28 0
4 35 0
5 42 0
6 49 0
7 56 0
8 63 1
9 70 1
10 77 2
11 84 2
12 91 3
13 98 4
14 105 6
15 112 7
16 119 9
17 126 10
18 133 12
19 140 14
20 147 16
21 154 18
22 161 21
23 168 23
24 175 25
25 182 28
26 189 31
27 196 34
28 203 36
29 210 39
30 217 43
31 224 46
32 231 49
33 238 52
34 245 56
35 252 59
36 259 62
37 266 66
38 273 70
39 280 73
40 287 77
41 294 81
42 301 85
43 308 89
44 315 93
45 322 97
46 329 101
47 336 105
48 343 109
49 350 113
50 357 117
51 364 121
52 371 126
53 378 130
54 385 135
55 392 139
56 399 143
57 406 148
58 413 152
59 420 157
60 427 162
61 434 166
62 441 171
63 448 176
64 455 180
65 462 185
66 469 190
67 476 195
68 483 200
69 490 204
70 497 209
71 504 214
72 511 219
73 518 224
74 525 229
75 532 234
76 539 239
77 546 244
78 553 249
79 560 254
80 567 260
81 574 265
82 581 270
83 588 275
84 595 280
85 602 286
86 609 291
87 616 296
88 623 301
89 630 307
90 637 312
91 644 317
92 651 323
93 658 328
94 665 334
95 672 339
96 679 344
97 686 350
98 693 355
99 700 361
100 707 366
101 714 372
102 721 377
103 728 383
104 735 388
105 742 394
106 749 399
107 756 405
108 763 411
109 770 416
110 777 422
111 784 427
112 791 433
113 798 439
114 805 444
115 812 450
116 819 456
117 826 461
118 833 467
119 840 473
120 847 478
121 854 484
122 861 490
123 868 496
124 875 501
125 882 507
126 889 513
127 896 519
128 903 524
129 910 530
130 917 536
131 924 542
132 931 548
133 938 553
134 945 559
135 952 565
136 959 571
137 966 577
138 973 583
139 980 588
140 987 594
141 994 600
142 1001 606
143 1008 612
144 1015 618
145 1022 624
146 1029 629
147 1036 635
148 1043 641
149 1050 647
150 1057 653
151 1064 659
152 1071 665
153 1078 671
154 1085 677
155 1092 683
156 1099 689
157 1106 694
158 1113 700
159 1120 706
160 1127 712
161 1134 718
162 1141 724
163 1148 730
164 1155 736
165 1162 742
166 1169 748
167 1176 754
168 1183 760
169 1190 766
170 1197 772
171 1204 778
172 1211 784
173 1218 790
174 1225 796
175 1232 802
176 1239 808
177 1246 814
178 1253 820
179 1260 826
180 1267 832
181 1274 838
182 1281 844
183 1288 850
184 1295 856
185 1302 862
186 1309 868
187 1316 874
188 1323 880
189 1330 886
190 1337 892
191 1344 898
192 1351 904
193 1358 911
194 1365 917
195 1372 923
196 1379 929
197 1386 935
198 1393 941
199 1400 947
200 1407 953
201 1414 959
202 1421 965
203 1428 971
204 1435 977
